# STEP 10 of OPTIMIZATION : ~/projects/VSP26-Water-Series/TIP36/optsh25rta.out
#==========================================================================================#
#|                           Liquid-H25-RTA Density (kg m^-3)                             |#
#|  Temperature  Pressure  Reference  Calculated +- Stdev     Delta    Weight    Term     |#
#==========================================================================================#
      249.15      1.0 atm   990.497     1002.364 +- 0.267    11.867   0.05319   7.49059 
      253.15      1.0 atm   993.547     1002.858 +- 0.202     9.311   0.05319   4.61156 
      257.15      1.0 atm   995.816     1003.145 +- 0.159     7.329   0.05319   2.85731 
      261.15      1.0 atm   997.476     1003.208 +- 0.135     5.732   0.05319   1.74773 
      265.15      1.0 atm   998.647     1002.986 +- 0.121     4.339   0.05319   1.00161 
      269.15      1.0 atm   999.414     1002.492 +- 0.112     3.078   0.05319   0.50399 
      273.15      1.0 atm   999.840     1001.801 +- 0.106     1.961   0.05319   0.20449 
      277.15      1.0 atm   999.972     1000.959 +- 0.098     0.987   0.01064   0.01037 
      281.15      1.0 atm   999.848      999.969 +- 0.092     0.121   0.01064   0.00016 
      285.15      1.0 atm   999.497      998.820 +- 0.086    -0.677   0.01064   0.00488 
      289.15      1.0 atm   998.943      997.506 +- 0.081    -1.437   0.01064   0.02197 
      293.15      1.0 atm   998.204      996.043 +- 0.078    -2.161   0.01064   0.04966 
      298.15      1.0 atm   997.045      994.061 +- 0.076    -2.984   0.31915   2.84270 
      301.15      1.0 atm   996.234      992.803 +- 0.075    -3.431   0.01064   0.12524 
      305.15      1.0 atm   995.026      991.038 +- 0.074    -3.988   0.01064   0.16919 
      309.15      1.0 atm   993.684      989.163 +- 0.073    -4.521   0.01064   0.21749 
      313.15      1.0 atm   992.216      987.182 +- 0.072    -5.034   0.01064   0.26957 
      317.15      1.0 atm   990.628      985.106 +- 0.071    -5.522   0.01064   0.32435 
      321.15      1.0 atm   988.927      982.935 +- 0.071    -5.992   0.01064   0.38192 
      325.15      1.0 atm   987.119      980.669 +- 0.070    -6.450   0.01064   0.44264 
      329.15      1.0 atm   985.208      978.310 +- 0.070    -6.898   0.01064   0.50614 
      333.15      1.0 atm   983.199      975.863 +- 0.070    -7.336   0.01064   0.57248 
      337.15      1.0 atm   981.095      973.325 +- 0.070    -7.770   0.01064   0.64231 
      341.15      1.0 atm   978.900      970.696 +- 0.070    -8.204   0.01064   0.71598 
      345.15      1.0 atm   976.617      967.988 +- 0.070    -8.629   0.01064   0.79212 
      349.15      1.0 atm   974.249      965.210 +- 0.070    -9.039   0.01064   0.86910 
      353.15      1.0 atm   971.798      962.366 +- 0.072    -9.432   0.01064   0.94641 
      357.15      1.0 atm   969.266      959.450 +- 0.074    -9.816   0.01064   1.02507 
      361.15      1.0 atm   966.655      956.457 +- 0.080   -10.198   0.01064   1.10637 
      365.15      1.0 atm   963.966      953.392 +- 0.087   -10.574   0.01064   1.18950 
      369.15      1.0 atm   961.202      950.270 +- 0.098   -10.932   0.01064   1.27135 
      373.15      1.0 atm   958.364      947.109 +- 0.111   -11.255   0.01064   1.34764 
      298.15   1000.0 bar  1037.872     1034.213 +- 0.103    -3.659   0.01064   0.14245 
      298.15   2000.0 bar  1071.908     1068.920 +- 0.120    -2.988   0.01064   0.09499 
      298.15   3000.0 bar  1101.035     1099.297 +- 0.108    -1.738   0.01064   0.03214 
      298.15   4000.0 bar  1126.580     1126.160 +- 0.099    -0.420   0.01064   0.00188 
      298.15   5000.0 bar  1149.422     1150.458 +- 0.119     1.036   0.01064   0.01143 
--------------------------------------------------------------------------------------------
#========================================================#
#|   Density objective function:  34.545, Derivative:   |#
#========================================================#
   0 [ -1.7810e+02 ] : VirtualSite/weight1/HOH-3
   1 [  4.4064e+02 ] : VirtualSite/weight1/HOH-4
   2 [ -7.6511e+02 ] : Atom/charge/tip4p-L
   3 [  4.7447e+01 ] : Atom/epsilon/tip4p-M
   4 [  2.5266e+03 ] : Atom/sigma/tip4p-M
----------------------------------------------------------
#==========================================================================================#
#|                  Liquid-H25-RTA Enthalpy of Vaporization (kJ mol^-1)                   |#
#|  Temperature  Pressure  Reference  Calculated +- Stdev     Delta    Weight    Term     |#
#==========================================================================================#
      249.15      1.0 atm    46.103       47.248 +- 0.020     1.145   0.03125   0.65506 
      253.15      1.0 atm    45.919       47.036 +- 0.017     1.117   0.03125   0.62430 
      257.15      1.0 atm    45.740       46.833 +- 0.015     1.093   0.03125   0.59722 
      261.15      1.0 atm    45.565       46.633 +- 0.014     1.068   0.03125   0.57068 
      265.15      1.0 atm    45.393       46.435 +- 0.014     1.042   0.03125   0.54252 
      269.15      1.0 atm    45.223       46.237 +- 0.014     1.014   0.03125   0.51384 
      273.15      1.0 atm    45.053       46.043 +- 0.014     0.990   0.03125   0.48989 
      277.15      1.0 atm    44.884       45.847 +- 0.014     0.963   0.03125   0.46322 
      281.15      1.0 atm    44.714       45.651 +- 0.014     0.937   0.03125   0.43919 
      285.15      1.0 atm    44.544       45.459 +- 0.014     0.915   0.03125   0.41824 
      289.15      1.0 atm    44.374       45.269 +- 0.014     0.895   0.03125   0.40033 
      293.15      1.0 atm    44.203       45.080 +- 0.014     0.877   0.03125   0.38470 
      298.15      1.0 atm    43.989       44.845 +- 0.014     0.856   0.03125   0.36608 
      301.15      1.0 atm    43.861       44.703 +- 0.014     0.842   0.03125   0.35490 
      305.15      1.0 atm    43.689       44.516 +- 0.014     0.827   0.03125   0.34218 
      309.15      1.0 atm    43.517       44.331 +- 0.014     0.814   0.03125   0.33110 
      313.15      1.0 atm    43.345       44.147 +- 0.014     0.802   0.03125   0.32132 
      317.15      1.0 atm    43.172       43.963 +- 0.015     0.791   0.03125   0.31315 
      321.15      1.0 atm    42.999       43.780 +- 0.015     0.781   0.03125   0.30471 
      325.15      1.0 atm    42.826       43.597 +- 0.015     0.771   0.03125   0.29759 
      329.15      1.0 atm    42.652       43.415 +- 0.015     0.763   0.03125   0.29095 
      333.15      1.0 atm    42.476       43.231 +- 0.015     0.755   0.03125   0.28495 
      337.15      1.0 atm    42.300       43.047 +- 0.015     0.747   0.03125   0.27868 
      341.15      1.0 atm    42.123       42.859 +- 0.015     0.736   0.03125   0.27063 
      345.15      1.0 atm    41.943       42.671 +- 0.015     0.728   0.03125   0.26469 
      349.15      1.0 atm    41.762       42.483 +- 0.015     0.721   0.03125   0.26004 
      353.15      1.0 atm    41.580       42.295 +- 0.016     0.715   0.03125   0.25585 
      357.15      1.0 atm    41.396       42.108 +- 0.016     0.712   0.03125   0.25327 
      361.15      1.0 atm    41.210       41.918 +- 0.017     0.708   0.03125   0.25078 
      365.15      1.0 atm    41.024       41.728 +- 0.019     0.704   0.03125   0.24763 
      369.15      1.0 atm    40.837       41.537 +- 0.021     0.700   0.03125   0.24512 
      373.15      1.0 atm    40.652       41.346 +- 0.024     0.694   0.03125   0.24059 
      298.15   1000.0 bar    43.989        0.000 +- 0.000   -43.989   0.00000   0.00000 
      298.15   2000.0 bar    43.989        0.000 +- 0.000   -43.989   0.00000   0.00000 
      298.15   3000.0 bar    43.989        0.000 +- 0.000   -43.989   0.00000   0.00000 
      298.15   4000.0 bar    43.989        0.000 +- 0.000   -43.989   0.00000   0.00000 
      298.15   5000.0 bar    43.989        0.000 +- 0.000   -43.989   0.00000   0.00000 
--------------------------------------------------------------------------------------------
#=======================================================================#
#|  Enthalpy of Vaporization objective function:  11.873, Derivative:  |#
#=======================================================================#
   0 [  1.6303e+02 ] : VirtualSite/weight1/HOH-3
   1 [ -4.9962e+02 ] : VirtualSite/weight1/HOH-4
   2 [  7.4312e+02 ] : Atom/charge/tip4p-L
   3 [ -7.1733e+01 ] : Atom/epsilon/tip4p-M
   4 [ -2.8023e+03 ] : Atom/sigma/tip4p-M
-------------------------------------------------------------------------
#==========================================================================================#
#|               Liquid-H25-RTA Thermal Expansion Coefficient (10^-4 K^-1)                |#
#|  Temperature  Pressure  Reference  Calculated +- Stdev     Delta    Weight    Term     |#
#==========================================================================================#
      249.15      1.0 atm    -8.877       -1.541 +- 0.543     7.336   0.09174   4.93669 
      253.15      1.0 atm    -6.606       -0.952 +- 0.407     5.654   0.09174   2.93307 
      257.15      1.0 atm    -4.874       -0.456 +- 0.314     4.418   0.09174   1.79103 
      261.15      1.0 atm    -3.506        0.190 +- 0.262     3.696   0.09174   1.25320 
      265.15      1.0 atm    -2.395        0.926 +- 0.234     3.321   0.09174   1.01174 
      269.15      1.0 atm    -1.469        1.518 +- 0.218     2.987   0.09174   0.81859 
      273.15      1.0 atm    -0.680        1.928 +- 0.209     2.608   0.09174   0.62409 
      277.15      1.0 atm     0.003        2.293 +- 0.201     2.290   0.09174   0.48094 
      281.15      1.0 atm     0.604        2.681 +- 0.191     2.077   0.00917   0.03959 
      285.15      1.0 atm     1.141        3.095 +- 0.179     1.954   0.00917   0.03503 
      289.15      1.0 atm     1.626        3.506 +- 0.168     1.880   0.00917   0.03244 
      293.15      1.0 atm     2.068        3.843 +- 0.159     1.775   0.00917   0.02889 
      298.15      1.0 atm     2.572        4.145 +- 0.151     1.573   0.00917   0.02269 
      301.15      1.0 atm     2.853        4.324 +- 0.149     1.471   0.00917   0.01985 
      305.15      1.0 atm     3.206        4.602 +- 0.148     1.396   0.00917   0.01788 
      309.15      1.0 atm     3.539        4.890 +- 0.148     1.351   0.00917   0.01675 
      313.15      1.0 atm     3.853        5.153 +- 0.148     1.300   0.00917   0.01549 
      317.15      1.0 atm     4.152        5.404 +- 0.147     1.252   0.00917   0.01437 
      321.15      1.0 atm     4.438        5.661 +- 0.145     1.223   0.00917   0.01372 
      325.15      1.0 atm     4.712        5.913 +- 0.142     1.201   0.00917   0.01324 
      329.15      1.0 atm     4.975        6.155 +- 0.140     1.180   0.00917   0.01277 
      333.15      1.0 atm     5.231        6.401 +- 0.138     1.170   0.00917   0.01257 
      337.15      1.0 atm     5.478        6.657 +- 0.137     1.179   0.00917   0.01275 
      341.15      1.0 atm     5.719        6.898 +- 0.135     1.179   0.00917   0.01276 
      345.15      1.0 atm     5.954        7.109 +- 0.134     1.155   0.00917   0.01225 
      349.15      1.0 atm     6.185        7.304 +- 0.134     1.119   0.00917   0.01148 
      353.15      1.0 atm     6.411        7.505 +- 0.136     1.094   0.00917   0.01098 
      357.15      1.0 atm     6.633        7.724 +- 0.139     1.091   0.00917   0.01092 
      361.15      1.0 atm     6.853        7.948 +- 0.146     1.095   0.00917   0.01101 
      365.15      1.0 atm     7.071        8.145 +- 0.157     1.074   0.00917   0.01059 
      369.15      1.0 atm     7.287        8.294 +- 0.173     1.007   0.00917   0.00931 
      373.15      1.0 atm     7.501        8.412 +- 0.192     0.911   0.00917   0.00761 
      298.15   1000.0 bar     3.502        3.980 +- 0.209     0.478   0.00917   0.00209 
      298.15   2000.0 bar     4.044        3.767 +- 0.218    -0.277   0.00917   0.00070 
      298.15   3000.0 bar     4.305        3.887 +- 0.200    -0.418   0.00917   0.00160 
      298.15   4000.0 bar     4.407        4.082 +- 0.187    -0.325   0.00917   0.00097 
      298.15   5000.0 bar     4.425        4.311 +- 0.218    -0.114   0.00917   0.00012 
--------------------------------------------------------------------------------------------
#============================================================================#
#|  Thermal Expansion Coefficient objective function:  14.260, Derivative:  |#
#============================================================================#
   0 [ -4.5018e+01 ] : VirtualSite/weight1/HOH-3
   1 [  1.2432e+02 ] : VirtualSite/weight1/HOH-4
   2 [ -1.3449e+02 ] : Atom/charge/tip4p-L
   3 [  8.1008e+01 ] : Atom/epsilon/tip4p-M
   4 [  6.0283e+02 ] : Atom/sigma/tip4p-M
------------------------------------------------------------------------------
#==========================================================================================#
#|               Liquid-H25-RTA Isothermal Compressibility (10^-6 bar^-1)                 |#
#|  Temperature  Pressure  Reference  Calculated +- Stdev     Delta    Weight    Term     |#
#==========================================================================================#
      249.15      1.0 atm    67.985       43.963 +- 1.115   -24.022   0.02703   0.62382 
      253.15      1.0 atm    63.996       43.355 +- 0.825   -20.641   0.02703   0.46060 
      257.15      1.0 atm    60.783       43.197 +- 0.632   -17.586   0.02703   0.33434 
      261.15      1.0 atm    58.116       43.136 +- 0.528   -14.980   0.02703   0.24259 
      265.15      1.0 atm    55.851       43.076 +- 0.471   -12.775   0.02703   0.17644 
      269.15      1.0 atm    53.893       43.007 +- 0.438   -10.886   0.02703   0.12811 
      273.15      1.0 atm    52.176       42.967 +- 0.412    -9.209   0.02703   0.09169 
      277.15      1.0 atm    50.653       42.978 +- 0.385    -7.675   0.02703   0.06367 
      281.15      1.0 atm    49.288       43.056 +- 0.358    -6.232   0.02703   0.04198 
      285.15      1.0 atm    48.056       43.250 +- 0.332    -4.806   0.02703   0.02497 
      289.15      1.0 atm    46.934       43.591 +- 0.310    -3.343   0.02703   0.01208 
      293.15      1.0 atm    45.892       44.016 +- 0.293    -1.876   0.02703   0.00380 
      298.15      1.0 atm    45.247       44.495 +- 0.284    -0.752   0.02703   0.00061 
      301.15      1.0 atm    44.943       44.702 +- 0.281    -0.241   0.02703   0.00006 
      305.15      1.0 atm    44.622       44.912 +- 0.277     0.290   0.02703   0.00009 
      309.15      1.0 atm    44.390       45.140 +- 0.271     0.750   0.02703   0.00061 
      313.15      1.0 atm    44.239       45.468 +- 0.268     1.229   0.02703   0.00163 
      317.15      1.0 atm    44.162       45.912 +- 0.267     1.750   0.02703   0.00331 
      321.15      1.0 atm    44.153       46.415 +- 0.268     2.262   0.02703   0.00553 
      325.15      1.0 atm    44.209       46.900 +- 0.268     2.691   0.02703   0.00783 
      329.15      1.0 atm    44.324       47.345 +- 0.266     3.021   0.02703   0.00987 
      333.15      1.0 atm    44.496       47.803 +- 0.265     3.307   0.02703   0.01183 
      337.15      1.0 atm    44.723       48.353 +- 0.266     3.630   0.02703   0.01424 
      341.15      1.0 atm    45.003       49.025 +- 0.269     4.022   0.02703   0.01749 
      345.15      1.0 atm    45.333       49.803 +- 0.273     4.470   0.02703   0.02160 
      349.15      1.0 atm    45.714       50.668 +- 0.277     4.954   0.02703   0.02653 
      353.15      1.0 atm    46.143       51.616 +- 0.285     5.473   0.02703   0.03238 
      357.15      1.0 atm    46.621       52.630 +- 0.300     6.009   0.02703   0.03903 
      361.15      1.0 atm    47.148       53.651 +- 0.324     6.503   0.02703   0.04572 
      365.15      1.0 atm    47.722       54.616 +- 0.358     6.894   0.02703   0.05139 
      369.15      1.0 atm    48.346       55.503 +- 0.403     7.157   0.02703   0.05538 
      373.15      1.0 atm    49.019       56.330 +- 0.457     7.311   0.02703   0.05778 
      298.15   1000.0 bar    35.723       36.010 +- 0.336     0.287   0.02703   0.00009 
      298.15   2000.0 bar    29.215       30.166 +- 0.351     0.951   0.02703   0.00098 
      298.15   3000.0 bar    24.666       26.002 +- 0.275     1.336   0.02703   0.00193 
      298.15   4000.0 bar    21.371       22.555 +- 0.228     1.184   0.02703   0.00152 
      298.15   5000.0 bar    18.888       20.294 +- 0.250     1.406   0.02703   0.00214 
--------------------------------------------------------------------------------------------
#========================================================================#
#|  Isothermal Compressibility objective function:  2.614, Derivative:  |#
#========================================================================#
   0 [ -4.4348e-01 ] : VirtualSite/weight1/HOH-3
   1 [  2.1924e+00 ] : VirtualSite/weight1/HOH-4
   2 [ -9.5717e-01 ] : Atom/charge/tip4p-L
   3 [  9.9028e+00 ] : Atom/epsilon/tip4p-M
   4 [  5.3660e+01 ] : Atom/sigma/tip4p-M
--------------------------------------------------------------------------
#==========================================================================================#
#|                Liquid-H25-RTA Isobaric Heat Capacity (cal mol^-1 K^-1)                 |#
#|  Temperature  Pressure  Reference  Calculated +- Stdev     Delta    Weight    Term     |#
#==========================================================================================#
      249.15      1.0 atm    19.177       20.749 +- 0.494     1.572   0.02703   0.06676 
      253.15      1.0 atm    18.777       20.279 +- 0.388     1.502   0.02703   0.06099 
      257.15      1.0 atm    18.532       19.960 +- 0.315     1.428   0.02703   0.05510 
      261.15      1.0 atm    18.380       19.882 +- 0.274     1.502   0.02703   0.06097 
      265.15      1.0 atm    18.280       19.772 +- 0.250     1.492   0.02703   0.06019 
      269.15      1.0 atm    18.210       19.557 +- 0.234     1.347   0.02703   0.04904 
      273.15      1.0 atm    18.157       19.542 +- 0.223     1.385   0.02703   0.05186 
      277.15      1.0 atm    18.115       19.629 +- 0.212     1.514   0.02703   0.06196 
      281.15      1.0 atm    18.080       19.478 +- 0.203     1.398   0.02703   0.05279 
      285.15      1.0 atm    18.052       19.217 +- 0.195     1.165   0.02703   0.03670 
      289.15      1.0 atm    18.030       19.122 +- 0.186     1.092   0.02703   0.03222 
      293.15      1.0 atm    18.015       19.132 +- 0.179     1.117   0.02703   0.03369 
      298.15      1.0 atm    18.002       19.068 +- 0.172     1.066   0.02703   0.03072 
      301.15      1.0 atm    17.998       18.987 +- 0.169     0.989   0.02703   0.02643 
      305.15      1.0 atm    17.995       18.861 +- 0.166     0.866   0.02703   0.02027 
      309.15      1.0 atm    17.995       18.743 +- 0.165     0.748   0.02703   0.01512 
      313.15      1.0 atm    17.996       18.655 +- 0.163     0.659   0.02703   0.01175 
      317.15      1.0 atm    17.999       18.598 +- 0.161     0.599   0.02703   0.00969 
      321.15      1.0 atm    18.002       18.545 +- 0.157     0.543   0.02703   0.00797 
      325.15      1.0 atm    18.006       18.485 +- 0.154     0.479   0.02703   0.00620 
      329.15      1.0 atm    18.011       18.445 +- 0.151     0.434   0.02703   0.00509 
      333.15      1.0 atm    18.018       18.476 +- 0.149     0.458   0.02703   0.00566 
      337.15      1.0 atm    18.026       18.557 +- 0.147     0.531   0.02703   0.00762 
      341.15      1.0 atm    18.035       18.592 +- 0.145     0.557   0.02703   0.00839 
      345.15      1.0 atm    18.046       18.543 +- 0.144     0.497   0.02703   0.00667 
      349.15      1.0 atm    18.058       18.472 +- 0.144     0.414   0.02703   0.00462 
      353.15      1.0 atm    18.071       18.424 +- 0.144     0.353   0.02703   0.00336 
      357.15      1.0 atm    18.086       18.389 +- 0.148     0.303   0.02703   0.00249 
      361.15      1.0 atm    18.101       18.357 +- 0.154     0.256   0.02703   0.00177 
      365.15      1.0 atm    18.117       18.332 +- 0.167     0.215   0.02703   0.00125 
      369.15      1.0 atm    18.134       18.313 +- 0.184     0.179   0.02703   0.00086 
      373.15      1.0 atm    18.151       18.262 +- 0.207     0.111   0.02703   0.00033 
      298.15   1000.0 bar    17.123       18.275 +- 0.242     1.152   0.02703   0.03587 
      298.15   2000.0 bar    16.703       17.661 +- 0.267     0.958   0.02703   0.02482 
      298.15   3000.0 bar    16.492       17.091 +- 0.263     0.599   0.02703   0.00969 
      298.15   4000.0 bar    16.375       16.929 +- 0.248     0.554   0.02703   0.00830 
      298.15   5000.0 bar    16.301       16.771 +- 0.295     0.470   0.02703   0.00596 
--------------------------------------------------------------------------------------------
#====================================================================#
#|  Isobaric Heat Capacity objective function:  0.883, Derivative:  |#
#====================================================================#
   0 [  3.8219e+00 ] : VirtualSite/weight1/HOH-3
   1 [ -1.1921e+01 ] : VirtualSite/weight1/HOH-4
   2 [  1.5846e+01 ] : Atom/charge/tip4p-L
   3 [ -7.1059e+00 ] : Atom/epsilon/tip4p-M
   4 [ -3.8724e+01 ] : Atom/sigma/tip4p-M
----------------------------------------------------------------------
#==========================================================================================#
#|                           Liquid-H25-RTA Dielectric Constant                           |#
#|  Temperature  Pressure  Reference  Calculated +- Stdev     Delta    Weight    Term     |#
#==========================================================================================#
      249.15      1.0 atm    98.650       99.716 +- 4.501     1.066   0.00000   0.00000 
      253.15      1.0 atm    96.580       98.064 +- 3.672     1.484   0.00000   0.00000 
      257.15      1.0 atm    94.683       96.288 +- 2.966     1.605   0.00000   0.00000 
      261.15      1.0 atm    92.898       94.296 +- 2.457     1.398   0.00000   0.00000 
      265.15      1.0 atm    91.186       92.127 +- 2.147     0.941   0.00000   0.00000 
      269.15      1.0 atm    89.525       89.950 +- 1.939     0.425   0.00000   0.00000 
      273.15      1.0 atm    87.903       88.031 +- 1.725     0.128   0.03226   0.00013 
      277.15      1.0 atm    86.311       86.606 +- 1.519     0.295   0.03226   0.00070 
      281.15      1.0 atm    84.749       85.583 +- 1.381     0.834   0.03226   0.00560 
      285.15      1.0 atm    83.213       84.680 +- 1.292     1.467   0.03226   0.01735 
      289.15      1.0 atm    81.705       83.742 +- 1.200     2.037   0.03226   0.03345 
      293.15      1.0 atm    80.223       82.738 +- 1.102     2.515   0.03226   0.05102 
      298.15      1.0 atm    78.409       81.291 +- 0.996     2.882   0.03226   0.06697 
      301.15      1.0 atm    77.339       80.267 +- 0.944     2.928   0.03226   0.06914 
      305.15      1.0 atm    75.935       78.761 +- 0.881     2.826   0.03226   0.06442 
      309.15      1.0 atm    74.556       77.206 +- 0.824     2.650   0.03226   0.05665 
      313.15      1.0 atm    73.200       75.690 +- 0.774     2.490   0.03226   0.05001 
      317.15      1.0 atm    71.869       74.238 +- 0.726     2.369   0.03226   0.04526 
      321.15      1.0 atm    70.560       72.863 +- 0.678     2.303   0.03226   0.04279 
      325.15      1.0 atm    69.275       71.600 +- 0.634     2.325   0.03226   0.04360 
      329.15      1.0 atm    68.012       70.470 +- 0.596     2.458   0.03226   0.04873 
      333.15      1.0 atm    66.772       69.439 +- 0.562     2.667   0.03226   0.05736 
      337.15      1.0 atm    65.555       68.412 +- 0.532     2.857   0.03226   0.06585 
      341.15      1.0 atm    64.359       67.290 +- 0.505     2.931   0.03226   0.06926 
      345.15      1.0 atm    63.184       66.037 +- 0.480     2.853   0.03226   0.06564 
      349.15      1.0 atm    62.030       64.710 +- 0.457     2.680   0.03226   0.05791 
      353.15      1.0 atm    60.897       63.398 +- 0.437     2.501   0.03226   0.05046 
      357.15      1.0 atm    59.784       62.172 +- 0.423     2.388   0.03226   0.04598 
      361.15      1.0 atm    58.691       61.057 +- 0.420     2.366   0.03226   0.04515 
      365.15      1.0 atm    57.617       60.046 +- 0.435     2.429   0.03226   0.04759 
      369.15      1.0 atm    56.561       59.102 +- 0.469     2.541   0.03226   0.05209 
      373.15      1.0 atm    55.522       58.158 +- 0.520     2.636   0.03226   0.05603 
      298.15   1000.0 bar    81.900       84.116 +- 1.423     2.216   0.03226   0.03960 
      298.15   2000.0 bar    85.015       88.749 +- 1.901     3.734   0.03226   0.11242 
      298.15   3000.0 bar    87.870       92.925 +- 1.702     5.055   0.03226   0.20605 
      298.15   4000.0 bar    90.545       97.557 +- 1.810     7.012   0.03226   0.39650 
      298.15   5000.0 bar    93.087       98.625 +- 2.354     5.538   0.03226   0.24733 
